--- scanner 0 ---
801,940,813
620,888,825
987,567,-489
-283,662,455
64,125,-67
-556,-453,660
898,-661,-511
878,634,-457
-362,870,-789
696,-414,521
725,892,765
-683,-735,-482
615,-408,505
-642,-411,520
630,-364,389
-353,635,442
-357,783,-710
-730,-720,-602
906,720,-516
965,-768,-610
-302,752,-719
171,57,78
-707,-337,671
-367,646,507
-661,-699,-444
983,-703,-484

--- scanner 1 ---
713,-349,676
-661,858,-701
-457,-818,-388
-777,406,868
131,44,40
809,729,963
730,657,-509
669,630,-449
-616,-700,464
-731,840,-632
-522,-902,-289
-658,-675,432
564,670,-425
-644,854,-758
820,702,771
-667,345,799
-35,-108,163
-711,394,752
707,-384,701
658,-344,518
-695,-694,667
414,-423,-685
537,-430,-625
-514,-883,-554
465,-431,-784
817,840,812

--- scanner 2 ---
608,227,-767
-12,-4,131
631,736,790
675,687,743
741,675,859
-705,451,-458
625,223,-710
-856,379,762
-920,-664,-450
-807,-699,-556
624,-812,-468
-766,424,-518
-497,-916,765
-522,-855,743
745,-831,-541
-118,-134,14
-845,352,954
641,-845,892
652,-793,827
-442,-752,745
765,-824,935
695,241,-641
-853,241,803
738,-724,-511
-770,-659,-382
-600,411,-434

--- scanner 3 ---
-774,631,-744
837,784,-657
-284,-752,796
-487,493,544
719,646,659
806,-758,506
795,605,674
-739,-588,-321
607,-516,-521
-634,-613,-432
-745,670,-843
704,710,-587
739,-738,424
-445,-727,788
-512,620,407
96,136,85
600,600,732
660,-640,-487
-510,509,546
-6,-10,-31
743,-696,500
-765,707,-787
-420,-801,800
-505,-612,-292
720,730,-723
583,-587,-623

--- scanner 4 ---
-508,-795,-648
-610,784,878
-643,312,-527
-622,734,857
-572,301,-539
844,333,906
751,-584,-659
658,-616,-729
-590,-904,-645
-625,-637,581
615,336,-413
635,342,-402
102,-52,82
925,350,741
708,-918,615
-529,-765,-626
583,-538,-726
-546,823,817
463,330,-476
683,-883,621
766,342,787
-617,480,-596
-708,-618,458
866,-923,670
-665,-714,601

--- scanner 5 ---
762,461,819
939,-581,-807
749,-487,-802
-539,-341,611
787,410,-483
-528,-484,-727
-534,612,570
-486,515,545
-673,-468,-785
674,508,712
-481,-460,-841
-657,576,516
374,-504,588
-742,412,-631
-622,-344,624
-700,487,-610
-521,-367,705
483,-416,687
28,-36,-43
455,-453,549
768,446,-452
768,498,886
764,298,-576
-733,628,-577
884,-513,-811

--- scanner 6 ---
400,661,-364
422,699,-400
-680,-700,642
851,-688,587
-681,-648,731
649,832,902
-445,-631,-799
-381,-732,-742
513,-700,-531
-500,478,-629
659,783,889
-442,554,-680
-802,316,774
-740,-681,584
746,-681,489
353,541,-379
-343,-604,-649
-916,345,790
711,-611,600
531,-814,-643
722,627,916
21,-101,25
620,-763,-501
-717,338,814
-106,39,106
-504,657,-650

--- scanner 7 ---
457,-470,383
-799,-448,619
526,-588,-697
-468,-362,-697
-759,-631,668
474,-389,548
-443,-394,-655
-241,359,-561
626,631,571
809,639,593
466,-548,502
-449,-597,-734
643,751,573
671,348,-446
-260,624,-553
-794,-606,674
-712,854,426
667,360,-603
-325,458,-496
-720,755,375
415,-471,-686
172,28,67
500,-568,-686
14,-114,65
803,304,-499
-713,695,498

--- scanner 8 ---
762,-352,345
-40,104,34
572,-411,322
-709,781,-567
-702,-405,450
-539,511,638
597,-264,330
782,-791,-442
612,471,-350
674,-678,-473
-603,894,-602
592,416,-514
-535,744,-607
-100,-39,-70
634,689,634
-598,475,632
-664,-764,-542
-453,-402,455
739,-667,-421
590,496,-411
-694,-771,-435
-621,-650,-454
-514,470,597
-553,-324,471
641,603,759
682,763,704

--- scanner 9 ---
306,-809,653
-748,-517,723
563,-536,-494
-650,649,-755
470,-864,633
-473,716,424
-678,-591,675
300,701,-546
-707,653,-913
523,-499,-668
394,786,361
-155,-52,-96
-581,746,492
398,838,421
-641,-810,-473
558,-386,-562
-583,619,-918
-682,-769,-498
-803,-677,682
3,51,-50
309,527,-652
387,866,524
-569,810,405
367,-784,631
-676,-805,-557
291,559,-691

--- scanner 10 ---
500,730,715
-512,600,-593
887,-817,496
-623,775,716
-415,-624,409
666,564,-358
61,-100,88
-530,705,748
-698,772,794
486,796,815
612,-552,-592
528,-718,-605
570,801,641
-598,-575,449
-668,-462,-637
-860,-473,-664
593,488,-448
788,-868,488
-709,-465,-775
728,-745,495
-573,-569,414
-501,756,-610
552,-613,-565
559,568,-266
-462,580,-683

--- scanner 11 ---
-309,-696,693
387,-401,-669
-584,-384,-829
-732,601,410
-372,792,-785
665,665,570
763,-513,718
620,-478,694
-371,685,-777
-333,-549,769
497,700,523
556,-463,-602
-631,-398,-818
-287,-605,682
-745,457,510
608,637,-590
464,-398,-561
-671,647,503
-53,-41,-59
497,-514,694
618,687,-754
-600,-547,-755
-458,754,-739
654,732,-712
453,656,615

--- scanner 12 ---
372,532,360
639,489,-773
-752,-373,385
-452,-478,-778
369,-586,704
-386,424,-726
-748,-422,249
-740,-447,410
569,-658,-642
-615,446,506
-599,372,343
108,-129,-66
541,599,422
-376,-436,-774
-473,462,-795
-38,24,-32
449,640,357
-646,383,357
-387,416,-833
603,447,-728
535,-534,-695
-458,-416,-841
340,-562,470
480,-561,599
593,611,-678
671,-587,-618

--- scanner 13 ---
-681,-444,-607
-759,305,789
660,-375,472
-760,464,717
803,-332,505
-440,706,-824
462,686,-769
475,-436,-333
371,642,-812
532,-358,-326
762,520,622
-671,-577,-763
34,-114,-80
-614,622,-829
-369,-352,713
596,408,642
-43,-12,42
-540,692,-758
579,528,644
352,622,-711
530,-398,-381
-509,-421,766
778,-423,508
-767,404,840
-367,-432,701
-696,-515,-617

--- scanner 14 ---
-406,-409,768
-851,263,645
670,578,-625
-390,-794,-693
-784,370,546
-582,617,-486
-325,-493,743
738,-791,-847
-869,328,519
61,-103,74
756,620,-485
821,694,-636
844,311,637
-306,-729,-792
-501,623,-470
-516,667,-354
-325,-737,-527
475,-984,551
-360,-473,625
606,-844,-803
548,-970,346
538,-957,395
797,296,517
602,-687,-791
775,332,479

--- scanner 15 ---
223,371,655
-17,-102,-128
-769,565,685
-728,308,-669
484,-478,-525
-464,-619,-619
258,516,-525
464,-452,-536
325,-683,843
-901,499,735
-408,-755,-723
-463,289,-661
-452,-623,-776
-562,373,-726
226,340,702
-770,-773,688
-785,484,691
367,-367,-536
-167,-74,8
329,284,612
493,497,-488
-630,-687,646
534,-754,847
346,-720,772
290,491,-567
-619,-838,762

--- scanner 16 ---
-603,847,502
502,-304,-487
498,512,-878
426,353,-877
7,69,-157
-499,903,638
-306,-495,375
100,-68,-25
-797,-687,-425
-496,749,-490
-320,-290,448
571,576,461
593,568,644
-561,848,-406
710,-284,685
707,-375,660
375,452,-885
-333,-339,438
514,-384,-485
743,-327,542
573,456,478
-881,-712,-506
-817,-569,-460
449,-373,-627
-553,583,-425
-446,859,506

--- scanner 17 ---
-803,753,-681
482,-607,645
-2,-14,-9
-713,-509,535
530,-808,-516
690,701,442
585,828,382
-618,-555,657
417,-699,686
-635,-613,-488
-741,604,544
-668,-545,493
554,716,-702
659,-668,-515
699,748,-748
764,-779,-540
-717,571,337
-582,-579,-612
-665,773,-545
-771,665,352
420,-776,578
-686,745,-531
-558,-477,-541
685,745,-830
672,824,531

--- scanner 18 ---
252,457,679
745,-871,-463
295,600,712
463,767,-337
-619,-593,-531
-381,-549,-542
633,-683,774
795,-707,720
752,-672,-439
-608,681,540
-600,498,562
-732,-790,520
-77,114,76
-935,504,-530
-488,664,542
307,704,-364
-879,640,-634
-668,-710,625
-577,-755,621
258,694,-351
-891,636,-477
-457,-478,-548
343,482,676
33,-71,-5
803,-684,793
774,-757,-479

--- scanner 19 ---
-405,-715,587
364,-869,-720
-369,711,-581
-432,-625,497
-450,-623,600
-463,656,-608
414,-848,-732
42,-94,-11
806,411,525
-719,569,678
-728,-476,-459
836,536,-753
325,-808,-656
-787,571,781
-791,-587,-480
812,422,505
668,605,-727
818,485,353
-461,734,-497
806,-778,656
815,-897,734
-900,-460,-527
-747,520,839
798,-732,815
847,548,-682

--- scanner 20 ---
415,644,-892
-728,765,-806
-550,-764,325
78,14,39
698,-752,-507
-570,-663,306
-788,888,-813
598,595,-852
-500,-710,-586
530,-685,-553
666,-439,367
515,761,373
356,715,381
573,589,-887
-784,690,550
437,880,364
-486,-776,-486
818,-502,361
-570,-781,-660
-887,837,-805
623,-755,-585
-65,128,-70
-664,692,533
-506,-721,416
646,-428,373
-672,670,716

--- scanner 21 ---
-625,719,839
832,518,718
876,-652,639
-438,-756,-679
942,405,-645
566,517,742
85,11,60
-405,-732,-886
-658,657,-692
-535,675,-781
711,-683,-730
-499,-786,-871
664,-661,594
-662,570,-841
865,402,-537
709,482,718
143,-89,-122
-418,-751,612
-428,-807,695
832,-696,547
-670,745,785
773,467,-578
-456,732,723
721,-633,-566
-406,-781,784
675,-728,-688

--- scanner 22 ---
-368,311,-273
-673,-455,-217
-719,-598,-281
803,594,-627
500,479,792
774,533,-456
-754,311,535
614,-349,-491
433,516,798
770,-435,485
632,-398,513
749,630,-504
-210,-704,520
607,526,704
-722,514,562
-294,331,-444
-295,-677,562
-611,394,592
708,-323,-509
-325,364,-297
695,-326,-592
150,24,123
-754,-480,-301
731,-486,404
-228,-578,455

--- scanner 23 ---
79,35,108
-536,-482,-465
486,-414,487
-105,82,23
-653,-543,690
716,381,-669
-600,-564,799
686,697,402
-512,292,-691
-604,-356,-560
-579,401,-723
743,840,319
823,314,-570
765,-546,-390
758,296,-696
-374,589,523
-390,812,488
574,-521,534
874,-645,-478
480,-347,524
-644,-596,658
8,-101,-48
793,-684,-427
-465,-371,-431
-665,373,-664
716,808,522
-431,723,469

--- scanner 24 ---
-638,440,-740
-530,-457,-634
353,-251,-638
454,-232,-618
402,791,581
-602,530,721
-479,619,703
396,-342,-682
784,-410,402
-558,-742,716
336,734,-618
839,-412,362
19,161,91
341,560,-702
558,801,448
-558,-443,-655
548,816,519
57,-16,-27
832,-355,440
-699,632,-710
-475,470,616
-550,-593,-772
407,660,-688
-732,425,-686
-587,-614,585
-101,126,-64
-555,-660,730

--- scanner 25 ---
348,416,486
484,-581,-433
-392,-530,-995
510,775,-955
-715,552,-909
-396,-826,583
-417,-736,589
548,-690,663
466,-687,772
-547,617,256
-710,588,-895
-678,422,-876
446,836,-916
-394,-767,733
-610,572,305
-429,-640,-849
431,539,505
439,-638,-612
434,815,-866
413,-569,-444
391,559,582
-522,640,403
-65,17,-107
527,-668,633
-367,-515,-784

--- scanner 26 ---
500,-631,852
32,-125,33
622,673,585
521,-789,783
-466,598,354
-768,-873,546
559,-722,-776
-304,-525,-317
-220,-500,-398
188,51,63
-479,521,494
-300,319,-746
652,610,692
-795,-717,483
589,349,-460
764,724,674
532,266,-317
559,469,-349
452,-623,-843
485,-751,805
-368,591,459
-447,286,-777
-781,-922,556
-284,-643,-352
-276,266,-703
517,-749,-861
